150 3 14
150 9 15
150 12 15
150 6 15
1 0.03 0.01
1 2 0 10 100 4 A
2 0 0 12 100 4 B
3 2 0 12 50 4 C
4 1 0 22 100 3 D
5 0 1 10 20 4 A
6 0 1 18 100 4 B
7 0 1 22 30 4 C
8 0 1 10 30 4 D
9 2 2 9 50 4 A
10 1 2 13 50 3 B
11 0 2 20 20 4 C
12 2 2 20 90 4 D
13 0 3 16 50 4 A
14 1 3 15 70 4 B
15 1 3 17 20 3 C
16 2 3 19 90 4 D
17 1 4 13 70 3 A
18 1 4 18 70 3 B
19 2 4 21 90 4 C
20 2 4 9 90 4 D
21 2 5 19 90 4 A
22 2 5 9 90 4 B
23 0 5 16 35 4 C
24 1 5 18 70 3 D
25 2 6 21 90 4 A
26 2 6 21 70 4 B
27 2 6 9 90 4 C
28 1 6 18 50 3 D
29 1 7 17 50 3 A
30 1 7 18 70 3 B
31 2 7 21 70 4 C
32 1 7 18 70 3 D
33 2 8 9 90 4 A
34 2 8 16 70 4 A
35 0 8 16 50 4 B
36 0 8 16 30 4 C
37 0 8 16 35 4 D
38 0 9 18 20 4 A
39 1 9 18 70 3 B
40 0 9 18 50 4 C
41 1 9 18 60 3 D
42 2 9 20 85 4 A
43 1 10 20 70 3 B
44 2 10 20 85 4 C
45 2 10 20 85 4 D
46 0 10 22 70 4 A
47 1 11 22 60 3 B
48 2 12 22 90 4 C
49 2 13 22 50 4 D
50 1 13 24 70 3 A
51 2 13 24 90 4 B
52 1 13 24 70 3 C
53 1 14 24 70 3 D
54 2 14 26 70 4 A
55 1 15 26 70 3 B
56 2 15 26 90 4 C
57 2 15 26 100 4 D
58 2 15 28 100 4 A
59 2 15 28 100 4 B
60 0 16 28 50 4 C
61 0 16 28 50 4 D
62 0 16 30 70 4 A
63 2 17 30 90 4 B
64 0 18 30 90 4 C
65 1 19 30 60 3 D
16 2 3 19 90 4 D
17 1 4 13 70 3 A
18 1 4 18 70 3 B
19 2 4 21 90 4 C
20 2 4 9 70 4 D
21 2 5 19 90 4 A
22 2 5 9 70 4 B
23 0 5 16 85 4 C
-1


GameLose(StrongTowers)