200 3 40
200 9 45
200 12 30
200 6 93
1 0.03 0.01
1 2 0 10 50 4 A
2 0 0 12 2 4 B
3 2 0 12 50 4 C
4 1 0 22 20 3 D
5 0 1 10 2 4 A
6 0 1 18 2 4 B
7 0 1 22 2 4 C
8 0 1 10 2 4 D
9 2 2 9 50 4 A
10 1 2 13 20 3 B
11 0 2 20 2 4 C
12 2 2 20 20 4 D
13 0 3 16 20 4 A
14 1 3 15 20 4 B
15 1 3 17 20 3 C
16 2 3 19 50 4 D
17 1 4 13 20 3 A
18 1 4 18 20 3 B
19 2 4 21 50 4 C
20 2 4 9 50 4 D
21 2 5 19 50 4 A
22 2 5 9 50 4 B
23 0 5 16 2 4 C
24 1 5 18 20 3 D
25 2 6 21 50 4 A
26 2 6 21 50 4 B
27 2 6 9 50 4 C
28 1 6 18 20 3 D
29 1 7 17 20 3 A
30 1 7 18 20 3 B
31 2 7 21 50 4 C
32 1 7 18 20 3 D
33 2 8 9 5 4 A
34 2 8 16 50 4 A
35 0 8 16 20 4 B
36 0 8 16 2 4 C
37 0 8 16 2 4 D
38 0 9 18 2 4 A
39 1 9 18 20 3 B
40 0 9 18 2 4 C
-1


GameWin(Strongenemies)